0,273
0,270
3,2
10,77
10,111
10,309
10,105
10,211
11,27
11,18
11,6
312,4
312,3
312,2
312,1
9,5
312,0
311,4
311,3
311,2
311,1
311,0
310,4
8,5
310,3
310,2
310,1
8,15
310,0
309,3
309,2
8,14
309,1
8,16
309,0
308,5
308,4
308,3
308,2
308,1
308,0
307,5
307,4
307,3
307,2
307,1
307,0
306,3
306,2
306,1
306,0
305,3
305,2
305,1
305,0
304,4
304,3
304,2
304,1
304,0
303,4
303,3
303,2
303,1
303,0
302,3
302,2
302,1
302,0
301,3
301,2
301,1
301,0
20,3
20,2
20,1
19,3
19,2
19,1
17,3
17,1
16,3
16,2
16,1
15,3
15,2
15,1
14,2
13,2
12,3
12,2
12,1
11,30
11,28
11,26
11,25
11,24
11,21
11,20
11,17
11,16
11,14
11,11
18,1
11,8
11,4
11,3
18,3
11,2
11,1
10,307
14,1
10,300
14,3
10,294
13,1
10,292
10,285
13,3
